0.00312499999999
-0.0031641849529
-0.0094533699059
-0.0157425548589
-0.0220317398119
-0.0283209247648
-0.0346101097178
-0.0408992946708
-0.0471884796238
-0.0534776645768
-0.0597668495297
-0.0660560344827
-0.0723452194357
-0.0786344043887
-0.0849235893416
-0.0912127742946
-0.0975019592476
-0.1037911442006
-0.1100803291536
-0.1163695141065
-0.1226586990595
-0.1289478840125
-0.1352370689655
-0.1415262539184
-0.1478154388714
-0.1541046238244
-0.1603938087774
-0.1666829937304
-0.1729721786833
-0.1792613636363
-0.1855505485893
-0.1918397335423
-0.1981289184952
-0.2044181034482
-0.2107072884012
-0.2169964733542
-0.2232856583072
-0.2295748432601
-0.2358640282131
-0.2421532131661
-0.2484423981191
-0.2547315830721
-0.2610207680250
-0.2673099529780
-0.2735991379310
-0.2798883228840
-0.2861775078369
-0.2924666927899
-0.2987558777429
-0.3050450626959
-0.3113342476489
-0.3176234326018
-0.3239126175548
-0.3302018025078
-0.3364909874608
-0.3427801724137
-0.3490693573667
-0.3553585423197
-0.3616477272727
-0.3679369122257
-0.3742260971786
-0.3805152821316
-0.3868044670846
-0.3930936520376
-0.3993828369905
-0.4056720219435
-0.4119612068965
-0.4182503918495
-0.4245395768025
-0.4308287617554
-0.4371179467084
-0.4434071316614
-0.4496963166144
-0.4559855015673
-0.4622746865203
-0.4685638714733
-0.4748530564263
-0.4811422413793
-0.4874314263322
-0.4937206112852
-0.5000097962382
-0.5062989811912
-0.5125881661442
-0.5188773510971
-0.5251665360501
-0.5314557210031
-0.5377449059561
-0.5440340909090
-0.5503232758620
-0.5566124608150
-0.5629016457680
-0.5691908307210
-0.5754800156739
-0.5817692006269
-0.5880583855799
-0.5943475705329
-0.6006367554858
-0.6069259404388
-0.6132151253918
-0.6195043103448
-0.6257934952978
-0.6320826802507
-0.6383718652037
-0.6446610501567
-0.6509502351097
-0.6572394200626
-0.6635286050156
-0.6698177899686
-0.6761069749216
-0.6823961598746
-0.6886853448275
-0.6949745297805
-0.7012637147335
-0.7075528996865
-0.7138420846394
-0.7201312695924
-0.7264204545454
-0.7327096394984
-0.7389988244514
-0.7452880094043
-0.7515771943573
-0.7578663793103
-0.7641555642633
-0.7704447492163
-0.7767339341692
-0.7830231191222
-0.7893123040752
-0.7956014890282
-0.8018906739811
-0.8081798589341
-0.8144690438871
-0.8207582288401
-0.8270474137931
-0.8333365987460
-0.8396257836990
-0.8459149686520
-0.8522041536050
-0.8584933385579
-0.8647825235109
-0.8710717084639
-0.8773608934169
-0.8836500783699
-0.8899392633228
-0.8962284482758
-0.9025176332288
-0.9088068181818
-0.9150960031347
-0.9213851880877
-0.9276743730407
-0.9339635579937
-0.9402527429467
-0.9465419278996
-0.9528311128526
-0.9591202978056
-0.9654094827586
-0.9716986677115
-0.9779878526645
-0.9842770376175
-0.9905662225705
-0.9968554075235
-1.0031445924764
-1.0094337774294
-1.0157229623824
-1.0220121473354
-1.0283013322884
-1.0345905172413
-1.0408797021943
-1.0471688871473
-1.0534580721003
-1.0597472570532
-1.0660364420062
-1.0723256269592
-1.0786148119122
-1.0849039968652
-1.0911931818181
-1.0974823667711
-1.1037715517241
-1.1100607366771
-1.1163499216300
-1.1226391065830
-1.1289282915360
-1.1352174764890
-1.1415066614420
-1.1477958463949
-1.1540850313479
-1.1603742163009
-1.1666634012539
-1.1729525862068
-1.1792417711598
-1.1855309561128
-1.1918201410658
-1.1981093260188
-1.2043985109717
-1.2106876959247
-1.2169768808777
-1.2232660658307
-1.2295552507836
-1.2358444357366
-1.2421336206896
-1.2484228056426
-1.2547119905956
-1.2610011755485
-1.2672903605015
-1.2735795454545
-1.2798687304075
-1.2861579153605
-1.2924471003134
-1.2987362852664
-1.3050254702194
-1.3113146551724
-1.3176038401253
-1.3238930250783
-1.3301822100313
-1.3364713949843
-1.3427605799373
-1.3490497648902
-1.3553389498432
-1.3616281347962
-1.3679173197492
-1.3742065047021
-1.3804956896551
-1.3867848746081
-1.3930740595611
-1.3993632445141
-1.4056524294670
-1.4119416144200
-1.4182307993730
-1.4245199843260
-1.4308091692789
-1.4370983542319
-1.4433875391849
-1.4496767241379
-1.4559659090909
-1.4622550940438
-1.4685442789968
-1.4748334639498
-1.4811226489028
-1.4874118338557
-1.4937010188087
-1.4999902037617
-1.5062793887147
-1.5125685736677
-1.5188577586206
-1.5251469435736
-1.5314361285266
-1.5377253134796
-1.5440144984326
-1.5503036833855
-1.5565928683385
-1.5628820532915
-1.5691712382445
-1.5754604231974
-1.5817496081504
-1.5880387931034
-1.5943279780564
-1.6006171630094
-1.6069063479623
-1.6131955329153
-1.6194847178683
-1.6257739028213
-1.6320630877742
-1.6383522727272
-1.6446414576802
-1.6509306426332
-1.6572198275862
-1.6635090125391
-1.6697981974921
-1.6760873824451
-1.6823765673981
-1.6886657523510
-1.6949549373040
-1.7012441222570
-1.7075333072100
-1.7138224921630
-1.7201116771159
-1.7264008620689
-1.7326900470219
-1.7389792319749
-1.7452684169278
-1.7515576018808
-1.7578467868338
-1.7641359717868
-1.7704251567398
-1.7767143416927
-1.7830035266457
-1.7892927115987
-1.7955818965517
-1.8018710815047
-1.8081602664576
-1.8144494514106
-1.8207386363636
-1.8270278213166
-1.8333170062695
-1.8396061912225
-1.8458953761755
-1.8521845611285
-1.8584737460815
-1.8647629310344
-1.8710521159874
-1.8773413009404
-1.8836304858934
-1.8899196708463
-1.8962088557993
-1.9024980407523
-1.9087872257053
-1.9150764106583
-1.9213655956112
-1.9276547805642
-1.9339439655172
-1.9402331504702
-1.9465223354231
-1.9528115203761
-1.9591007053291
-1.9653898902821
-1.9716790752351
-1.9779682601880
-1.9842574451410
-1.9905466300940
-1.9968358150470
-2.003125