-0.100000 -0.300000 -0.500000 -0.700000 -0.900000 -1.100000 -1.300000 -1.500000 -1.699774 -1.628260 
-0.100000 -0.300000 -0.500000 -0.700000 -0.900000 -1.100000 -1.300000 -1.499999 -1.699294 -1.418436 
-0.100000 -0.300000 -0.500000 -0.700000 -0.900000 -1.100000 -1.300000 -1.499998 -1.698514 -1.250864 
-0.100000 -0.300000 -0.500000 -0.700000 -0.900000 -1.100000 -1.300000 -1.499995 -1.697373 -1.113487 
-0.100000 -0.300000 -0.500000 -0.700000 -0.900000 -1.100000 -1.300000 -1.499991 -1.695798 -0.998495 
-0.100000 -0.300000 -0.500000 -0.700000 -0.900000 -1.100000 -1.300000 -1.499985 -1.693702 -0.900604 
-0.100000 -0.300000 -0.500000 -0.700000 -0.900000 -1.100000 -1.300000 -1.499976 -1.690992 -0.816111 
-0.100000 -0.300000 -0.500000 -0.700000 -0.900000 -1.100000 -1.300000 -1.499964 -1.687562 -0.742340 
-0.100000 -0.300000 -0.500000 -0.700000 -0.900000 -1.100000 -1.300000 -1.499947 -1.683298 -0.677315 
-0.100000 -0.300000 -0.500000 -0.700000 -0.900000 -1.100000 -1.300000 -1.499926 -1.678079 -0.619541 
